output/75/272147520_tiny_kong.gpl/model.dae
bone_116 135
0.00000 0.00000 0.00000
1.00000 0.00000 0.00000 0.00000
bone_115 134
0.00000 0.00000 0.00000
1.00000 0.00000 0.00000 0.00000
bone_114 133
0.00000 0.00000 0.00000
1.00000 0.00000 0.00000 0.00000
bone_113 132
0.00000 0.00000 0.00000
1.00000 0.00000 0.00000 0.00000
bone_112 131
0.00000 0.00000 0.00000
1.00000 0.00000 0.00000 0.00000
bone_1 0
0.00000 0.00000 0.00000
-0.70711 0.70711 0.00000 -0.00000
bone_2 110
0.00000 0.00000 0.00000
1.00000 0.00000 0.00000 0.00000
bone_3 4
0.00000 -0.01730 -1.15319
-0.50000 -0.50000 -0.50000 0.50000
bone_5 5
0.00000 0.00000 0.00000
-0.50000 -0.50000 -0.50000 0.50000
bone_6 65535
0.15692 0.00000 -0.00939
-0.00000 0.70711 0.70711 -0.00000
bone_19 6
0.00000 0.15692 0.00939
-0.03084 0.70643 0.70643 -0.03084
bone_20 7
0.22798 -0.00000 0.00011
-1.00000 0.00000 0.00000 0.00000
bone_21 65535
0.06882 0.00000 -0.00006
0.03084 0.70643 0.70643 -0.03084
bone_82 22
-0.08008 -0.02203 -0.00935
0.00000 -0.00000 -0.04402 -0.99903
bone_85 23
0.09738 -0.00000 -0.00000
-0.99902 -0.04399 0.00390 -0.00013
bone_89 24
0.28357 -0.00000 0.00000
-0.99998 -0.00000 -0.00686 -0.00000
bone_83 117
0.09738 -0.00000 -0.00000
-0.98517 -0.17156 0.00389 0.00037
bone_84 118
0.14178 -0.00000 -0.00000
-0.99794 0.06416 -0.00000 -0.00000
bone_86 113
0.14178 -0.00000 0.00000
-0.99792 0.06413 -0.00684 -0.00044
bone_87 114
0.18213 -0.00000 -0.00000
-1.00000 -0.00003 -0.00000 -0.00000
bone_90 25
0.18213 0.00000 0.00000
-0.70712 0.70709 0.00205 -0.00210
bone_111 3
0.17811 -0.00001 -0.03527
0.00001 -0.00002 -0.70707 -0.70714
bone_107 105
0.17646 -0.05141 0.01184
-1.00000 0.00040 0.00000 0.00000
bone_108 106
0.05282 -0.00000 0.00000
-1.00000 0.00000 0.00000 0.00000
bone_109 107
0.04314 0.00000 0.00000
-1.00000 0.00000 0.00000 0.00000
bone_110 65535
0.04529 0.00000 0.00000
0.00000 0.00000 1.00000 -0.00000
bone_103 102
0.17646 -0.00893 0.01184
-1.00000 0.00040 0.00000 0.00000
bone_104 103
0.06677 0.00000 0.00000
-1.00000 0.00000 0.00000 0.00000
bone_105 104
0.05052 -0.00000 0.00000
-1.00000 0.00000 0.00000 0.00000
bone_106 65535
0.05600 -0.00000 -0.00000
0.00000 0.00000 1.00000 -0.00000
bone_99 99
0.17646 0.03618 0.01184
-1.00000 0.00040 0.00000 0.00000
bone_100 100
0.07176 0.00000 0.00000
-1.00000 0.00000 0.00000 0.00000
bone_101 101
0.05711 -0.00000 -0.00000
-1.00000 0.00000 0.00000 0.00000
bone_102 65535
0.05504 0.00000 0.00000
0.00000 0.00000 1.00000 -0.00000
bone_95 96
0.17646 0.08268 0.01184
-1.00000 0.00040 0.00000 0.00000
bone_96 97
0.05930 -0.00000 0.00000
-1.00000 0.00000 0.00000 0.00000
bone_97 98
0.05302 -0.00000 0.00000
-1.00000 0.00000 0.00000 0.00000
bone_98 65535
0.05237 0.00000 0.00000
0.00000 0.00000 1.00000 -0.00000
bone_91 26
0.03176 0.05432 -0.02327
-0.65706 -0.65706 -0.26130 0.26129
bone_92 94
0.12526 -0.00000 0.00000
-1.00000 0.00000 0.00000 0.00000
bone_93 95
0.04803 -0.00000 -0.00000
-1.00000 0.00000 0.00000 0.00000
bone_94 38
0.05409 0.00000 -0.00000
0.00000 0.00000 1.00000 -0.00000
bone_88 65535
0.18213 0.00000 0.00000
-1.00000 -0.00000 0.00000 -0.00008
bone_52 8
-0.00000 0.06856 -0.00594
-0.03084 0.70643 0.70643 -0.03084
bone_53 9
0.08641 0.00000 0.00000
-0.99905 -0.00000 0.04362 -0.00000
bone_81 70
0.00000 0.00000 -0.00000
-1.00000 0.00000 0.00000 0.00000
bone_78 257
0.08613 -0.22257 -0.01613
-0.03084 0.03084 -0.70643 -0.70643
bone_80 65535
-0.00000 -0.00000 -0.00000
-1.00000 0.00000 0.00000 0.00000
bone_79 65535
0.11819 0.00000 -0.00000
-1.00000 0.00000 0.00000 0.00000
bone_75 256
0.08613 0.22257 -0.01466
0.03084 0.03084 0.70643 -0.70643
bone_77 65535
-0.00000 0.00000 -0.00000
-1.00000 0.00000 0.00000 0.00000
bone_76 65535
0.11819 -0.00000 -0.00000
-1.00000 0.00000 0.00000 0.00000
bone_54 65535
0.31535 0.00000 0.00000
-1.00000 0.00000 0.00000 0.00000
bone_65 52
-0.17884 -0.21583 0.12258
-0.62433 0.57690 -0.43179 -0.30160
bone_66 53
0.08295 0.00001 0.00013
-0.99358 -0.01367 -0.07148 -0.08661
bone_67 54
0.16902 0.00000 0.00016
-0.98474 -0.00344 -0.17397 0.00138
bone_68 55
0.21047 -0.00000 0.00017
-0.99996 0.00008 -0.00873 0.00013
bone_69 56
0.21330 0.00000 0.00022
-0.99996 0.00001 -0.00873 -0.00000
bone_70 66
0.27910 -0.00000 0.00024
-0.99953 -0.00000 0.03054 -0.00000
bone_71 67
0.30049 0.00000 0.00018
-0.99953 -0.00000 0.03054 0.00000
bone_72 68
0.22172 0.00000 0.00011
-0.99991 0.00000 0.01309 0.00000
bone_73 69
0.14189 -0.00000 0.00011
-1.00000 0.00000 0.00000 0.00000
bone_74 59
0.13312 0.00000 0.00000
0.00000 0.70739 0.00000 -0.70683
bone_55 47
-0.17884 0.21583 0.12258
-0.62433 -0.57690 -0.43179 0.30160
bone_56 48
0.08295 -0.00001 0.00013
-0.99358 0.01367 -0.07148 0.08661
bone_57 49
0.16902 -0.00000 0.00016
-0.98474 0.00344 -0.17397 -0.00138
bone_58 50
0.21047 0.00000 0.00017
-0.99996 -0.00008 -0.00873 -0.00014
bone_59 51
0.21330 0.00000 0.00022
-0.99996 -0.00001 -0.00873 0.00000
bone_60 62
0.27909 -0.00000 0.00024
-0.99953 0.00000 0.03054 0.00000
bone_61 63
0.30049 -0.00000 0.00018
-0.99953 0.00000 0.03054 -0.00000
bone_62 64
0.22172 -0.00000 0.00011
-0.99991 -0.00000 0.01309 0.00000
bone_63 65
0.14189 -0.00000 0.00011
-1.00000 0.00000 0.00000 0.00000
bone_64 58
0.13312 -0.00000 0.00000
0.00000 0.70739 0.00000 -0.70683
bone_22 16
0.08008 -0.02203 -0.00936
-0.99903 -0.04402 0.00000 0.00000
bone_25 17
0.09738 -0.00000 -0.00000
-0.99902 0.04399 0.00390 0.00013
bone_29 18
0.28357 0.00000 0.00000
-0.99998 -0.00000 -0.00686 -0.00000
bone_23 115
0.09738 -0.00000 -0.00000
-0.98517 0.17156 0.00389 -0.00037
bone_24 116
0.14178 0.00000 -0.00000
-0.99794 -0.06416 -0.00000 0.00000
bone_26 111
0.14178 0.00000 -0.00000
-0.99792 -0.06413 -0.00684 0.00044
bone_27 112
0.18213 -0.00000 -0.00000
-1.00000 0.00003 -0.00000 -0.00000
bone_30 19
0.18213 -0.00000 0.00000
-0.70712 -0.70709 0.00205 0.00210
bone_51 2
0.17811 0.00000 -0.03527
-0.70714 0.70707 0.00001 0.00001
bone_47 91
0.17646 0.05141 0.01184
-1.00000 -0.00040 -0.00000 0.00000
bone_48 92
0.05282 -0.00000 0.00000
-1.00000 0.00000 0.00000 0.00000
bone_49 93
0.04314 0.00000 0.00000
-1.00000 0.00000 0.00000 0.00000
bone_50 65535
0.04529 -0.00000 -0.00000
-1.00000 0.00000 0.00000 0.00000
bone_43 88
0.17646 0.00893 0.01184
-1.00000 -0.00040 -0.00000 0.00000
bone_44 89
0.06677 -0.00000 0.00000
-1.00000 0.00000 0.00000 0.00000
bone_45 90
0.05052 0.00000 0.00000
-1.00000 0.00000 0.00000 0.00000
bone_46 65535
0.05600 -0.00000 0.00000
-1.00000 0.00000 0.00000 0.00000
bone_39 85
0.17646 -0.03618 0.01184
-1.00000 -0.00040 -0.00000 0.00000
bone_40 86
0.07176 -0.00000 0.00000
-1.00000 0.00000 0.00000 0.00000
bone_41 87
0.05711 0.00000 -0.00000
-1.00000 0.00000 0.00000 0.00000
bone_42 65535
0.05504 -0.00000 0.00000
-1.00000 0.00000 0.00000 0.00000
bone_35 82
0.17646 -0.08268 0.01184
-1.00000 -0.00040 -0.00000 0.00000
bone_36 83
0.05930 -0.00000 0.00000
-1.00000 0.00000 0.00000 0.00000
bone_37 84
0.05302 -0.00000 0.00000
-1.00000 0.00000 0.00000 0.00000
bone_38 65535
0.05237 0.00000 0.00000
-1.00000 0.00000 0.00000 0.00000
bone_31 20
0.03176 -0.05432 -0.02327
-0.65706 0.65706 -0.26130 -0.26129
bone_32 80
0.12526 0.00000 0.00000
-1.00000 0.00000 0.00000 0.00000
bone_33 81
0.04803 -0.00000 0.00000
-1.00000 0.00000 0.00000 0.00000
bone_34 37
0.05409 -0.00000 0.00000
-1.00000 0.00000 0.00000 0.00000
bone_28 65535
0.18213 0.00000 0.00000
-0.99998 -0.00004 0.00591 0.00008
bone_13 32
-0.15447 -0.15692 -0.00939
0.00216 -0.70710 0.70710 -0.00216
bone_14 33
0.43814 -0.00000 -0.00000
-0.99998 0.00000 -0.00562 -0.00000
bone_15 34
0.51933 -0.00000 -0.00000
-1.00000 -0.00000 0.00257 0.00000
bone_16 35
0.10242 -0.00000 -0.11780
-0.77878 0.00000 0.62730 -0.00000
bone_17 65535
0.13106 0.00000 -0.00000
-1.00000 0.00000 0.00000 0.00000
bone_18 40
0.10064 -0.00000 0.00000
-1.00000 0.00000 0.00000 0.00000
bone_7 28
0.15447 -0.15692 -0.00939
0.00216 -0.70710 0.70710 -0.00216
bone_8 29
0.43814 -0.00000 -0.00000
-0.99998 -0.00000 -0.00562 -0.00000
bone_9 30
0.51933 0.00000 -0.00000
-1.00000 0.00000 0.00257 -0.00000
bone_10 31
0.10242 0.00000 -0.11780
-0.77878 -0.00000 0.62730 0.00000
bone_11 65535
0.13106 0.00000 0.00000
-1.00000 0.00000 0.00000 0.00000
bone_12 39
0.10064 -0.00000 0.00000
-0.00000 -0.00000 1.00000 -0.00000
bone_4 46
0.00000 -1.15185 0.00000
-0.70711 0.00000 0.70711 -0.00000
bone_0 71
0.00000 0.00000 0.00000
-1.00000 0.00000 0.00000 0.00000
